0 0.321875 0.10078125 0.1234375 0.20078125
0 0.21953125 0.103125 0.0671875 0.10859375
0 0.26171875 0.12421875 0.12578125 0.2484375
0 0.07578125 0.16484375 0.0609375 0.1203125
0 0.9609375 0.203125 0.0453125 0.08828125
0 0.984375 0.2125 0.03046875 0.09375
0 0.0359375 0.21640625 0.07109375 0.15
0 0.94765625 0.28046875 0.04921875 0.08203125
0 0.69453125 0.3109375 0.41484375 0.621875
0 0.35859375 0.36953125 0.11328125 0.20859375
0 0.57109375 0.42734375 0.13984375 0.234375
0 0.38671875 0.53828125 0.121875 0.2015625
0 0.32109375 0.584375 0.09921875 0.19296875
0 0.1515625 0.059375 0.07890625 0.11875
0 0.03671875 0.0734375 0.0734375 0.146875
0 0.74921875 0.771875 0.14140625 0.21640625
0 0.31953125 0.81953125 0.16875 0.32890625
0 0.3875 0.85703125 0.11015625 0.17109375
0 0.66171875 0.8890625 0.090625 0.21875