17 0.39375 0.353125 0.10859375 0.1984375
17 0.3234375 0.56640625 0.13515625 0.28203125
17 0.35 0.428125 0.07734375 0.159375
17 0.428125 0.55078125 0.1046875 0.3484375
17 0.51015625 0.6125 0.12265625 0.30546875
17 0.5265625 0.4859375 0.0875 0.16796875
17 0.49296875 0.3578125 0.053125 0.24453125
17 0.48203125 0.25234375 0.07578125 0.18359375
17 0.5984375 0.23828125 0.05625 0.1890625
17 0.684375 0.5484375 0.1578125 0.3015625
17 0.684375 0.40859375 0.134375 0.18359375
17 0.6140625 0.35234375 0.109375 0.171875
17 0.61015625 0.465625 0.096875 0.30390625
17 0.75703125 0.5125 0.1765625 0.2734375