13 0.325 0.34765625 0.0578125 0.14375
13 0.38203125 0.3609375 0.03203125 0.0953125
13 0.44921875 0.3453125 0.03203125 0.09296875
13 0.9640625 0.45625 0.07109375 0.19140625
13 0.803125 0.35625 0.02890625 0.0953125
13 0.51875 0.375 0.04140625 0.11796875
13 0.62109375 0.48671875 0.13046875 0.36484375
13 0.7 0.40234375 0.04453125 0.11015625
13 0.56953125 0.41640625 0.04140625 0.18203125
13 0.5546875 0.34296875 0.01875 0.06484375
13 0.1984375 0.39375 0.15625 0.31484375
13 0.13828125 0.33203125 0.05390625 0.1484375
13 0.11015625 0.328125 0.02421875 0.10078125
13 0.86328125 0.453125 0.09609375 0.209375